0.0140 -2.2257 0.0000 0.6528 0.208
0.0140 -2.3660 0.1402 0.6524 0.179
0.0140 -2.3660 0.0000 0.6521 0.179
0.0140 -2.0855 -0.2805 0.6518 0.235
0.0140 -2.3660 0.2805 0.6515 0.178
0.0140 -2.3660 0.0000 0.6511 0.178
0.0140 -2.2257 -0.1402 0.6508 0.206
0.0140 -2.2257 0.0000 0.6505 0.205
0.0140 -2.3660 0.1402 0.6502 0.177
0.0140 -2.2257 -0.1402 0.6499 0.205
0.0140 -2.2257 0.0000 0.6496 0.204
0.0140 -2.3660 0.1402 0.6492 0.176
0.0140 -2.2257 -0.1402 0.6489 0.204
0.0140 -2.2257 0.0000 0.6486 0.203
0.0140 -2.3660 0.1402 0.6483 0.175
0.0140 -2.2257 -0.1402 0.6480 0.203
0.0140 -2.2257 0.0000 0.6477 0.203
0.0140 -2.3660 0.1402 0.6473 0.174
0.0140 -2.0855 -0.2805 0.6470 0.230
0.0140 -2.3660 0.2805 0.6467 0.174
0.0140 -2.3660 0.0000 0.6464 0.173
0.0140 -2.0855 -0.2805 0.6461 0.229
0.0140 -2.3660 0.2805 0.6457 0.173
0.0140 -2.2257 -0.1402 0.6454 0.200
0.0140 -2.2257 0.0000 0.6451 0.200
0.0140 -2.2257 0.0000 0.6448 0.200
0.0140 -2.3660 0.1402 0.6445 0.171
0.0140 -2.2257 -0.1402 0.6442 0.199
0.0140 -2.2257 0.0000 0.6439 0.199
0.0140 -2.2257 0.0000 0.6435 0.198
0.0140 -2.2257 0.0000 0.6432 0.198
0.0140 -2.3660 0.1402 0.6429 0.170
0.0140 -2.2257 -0.1402 0.6426 0.197
0.0140 -2.0855 -0.1402 0.6423 0.225
0.0140 -2.3660 0.2805 0.6420 0.169
0.0140 -2.3660 0.0000 0.6416 0.168
0.0140 -2.0855 -0.2805 0.6413 0.224
0.0140 -2.2257 0.1402 0.6410 0.196
0.0140 -2.2257 0.0000 0.6407 0.196
0.0140 -2.3660 0.1402 0.6404 0.167
0.0140 -2.2257 -0.1402 0.6401 0.195
0.0140 -2.2257 0.0000 0.6398 0.195
0.0140 -2.0855 -0.1402 0.6395 0.222
0.0140 -2.3660 0.2805 0.6391 0.166
0.0140 -2.2257 -0.1402 0.6388 0.194
0.0140 -2.2257 0.0000 0.6385 0.193
0.0140 -2.0855 -0.1402 0.6382 0.221
0.0140 -2.3660 0.2805 0.6379 0.165
0.0140 -2.3660 0.0000 0.6376 0.164
0.0140 -2.0855 -0.2805 0.6373 0.220
0.0140 -2.0855 0.0000 0.6370 0.220
0.0140 -2.3660 0.2805 0.6367 0.163
0.0140 -2.2257 -0.1402 0.6363 0.191
0.0140 -2.2257 0.0000 0.6360 0.191
0.0140 -2.0855 -0.1402 0.6357 0.219
0.0140 -2.3660 0.2805 0.6354 0.162
0.0140 -2.2257 -0.1402 0.6351 0.190
0.0140 -2.2257 0.0000 0.6348 0.190
0.0140 -2.0855 -0.1402 0.6345 0.217
0.0140 -2.2257 0.1402 0.6342 0.189
0.0140 -2.3660 0.1402 0.6338 0.161
0.0140 -2.2257 -0.1402 0.6335 0.188
0.0140 -1.9452 -0.2805 0.6333 0.244
0.0140 -2.3660 0.4207 0.6329 0.160
0.0140 -2.2257 -0.1402 0.6326 0.187
0.0140 -2.2257 0.0000 0.6323 0.187
0.0140 -2.0855 -0.1402 0.6320 0.215
0.0140 -2.2257 0.1402 0.6317 0.187
0.0140 -2.3660 0.1402 0.6314 0.158
0.0140 -2.0855 -0.2805 0.6311 0.214
0.0140 -2.0855 0.0000 0.6308 0.214
0.0140 -2.3660 0.2805 0.6305 0.157
0.0140 -2.2257 -0.1402 0.6301 0.185
0.0140 -2.0855 -0.1402 0.6299 0.213
0.0140 -2.2257 0.1402 0.6295 0.184
0.0140 -2.0855 -0.1402 0.6293 0.212
0.0140 -2.3660 0.2805 0.6289 0.156
0.0140 -2.2257 -0.1402 0.6286 0.183
0.0140 -1.9452 -0.2805 0.6283 0.239
0.0140 -2.2257 0.2805 0.6280 0.183
0.0140 -2.3660 0.1402 0.6277 0.154
0.0140 -2.2257 -0.1402 0.6274 0.182
0.0140 -1.9452 -0.2805 0.6271 0.238
0.0140 -2.2257 0.2805 0.6268 0.182
0.0140 -2.3660 0.1402 0.6265 0.153
0.0140 -2.0855 -0.2805 0.6262 0.209
0.0140 -2.0855 0.0000 0.6259 0.209
0.0140 -2.3660 0.2805 0.6256 0.152
0.0140 -2.0855 -0.2805 0.6253 0.208
0.0140 -2.0855 0.0000 0.6250 0.208
0.0140 -2.2257 0.1402 0.6247 0.180
0.0140 -2.2257 0.0000 0.6243 0.179
0.0140 -2.2257 0.0000 0.6240 0.179
0.0140 -2.0855 -0.1402 0.6237 0.207
0.0140 -2.0855 0.0000 0.6235 0.206
0.0140 -2.3660 0.2805 0.6231 0.150
0.0140 -2.0855 -0.2805 0.6228 0.206
0.0140 -2.0855 0.0000 0.6225 0.205
0.0140 -2.2257 0.1402 0.6222 0.177
0.0140 -2.2257 0.0000 0.6219 0.177
0.0140 -2.0855 -0.1402 0.6216 0.205
0.0140 -2.2257 0.1402 0.6213 0.176
0.0140 -2.0855 -0.1402 0.6210 0.204
0.0140 -2.2257 0.1402 0.6207 0.176
0.0140 -2.2257 0.0000 0.6204 0.175
0.0140 -1.9452 -0.2805 0.6201 0.231
0.0140 -2.2257 0.2805 0.6198 0.175
0.0140 -2.3660 0.1402 0.6195 0.146
0.0140 -1.9452 -0.4207 0.6192 0.230
0.0140 -2.0855 0.1402 0.6189 0.202
0.0140 -2.2257 0.1402 0.6186 0.173
0.0140 -2.3660 0.1402 0.6183 0.145
0.0140 -1.9452 -0.4207 0.6180 0.229
0.0140 -2.0855 0.1402 0.6177 0.201
0.0140 -2.2257 0.1402 0.6174 0.172
0.0140 -2.2257 0.0000 0.6171 0.172
0.0140 -2.0855 -0.1402 0.6168 0.200
0.0140 -2.0855 0.0000 0.6165 0.199
0.0140 -2.2257 0.1402 0.6162 0.171
0.0140 -2.0855 -0.1402 0.6159 0.199
0.0140 -2.0855 0.0000 0.6156 0.199
0.0140 -2.2257 0.1402 0.6153 0.170
0.0140 -2.2257 0.0000 0.6150 0.170
0.0140 -1.9452 -0.2805 0.6147 0.226
0.0140 -2.2257 0.2805 0.6144 0.169
0.0140 -2.0855 -0.1402 0.6141 0.197
0.0140 -2.2257 0.1402 0.6138 0.169
0.0140 -2.0855 -0.1402 0.6135 0.196
0.0140 -2.0855 0.0000 0.6132 0.196
0.0140 -2.2257 0.1402 0.6129 0.168
0.0140 -1.9452 -0.2805 0.6126 0.224
0.0140 -2.2257 0.2805 0.6123 0.167
0.0140 -2.2257 0.0000 0.6120 0.167
0.0140 -2.0855 -0.1402 0.6117 0.195
0.0140 -1.9452 -0.1402 0.6114 0.222
0.0140 -2.2257 0.2805 0.6111 0.166
0.0140 -2.2257 0.0000 0.6108 0.166
0.0140 -2.0855 -0.1402 0.6105 0.193
0.0140 -1.9452 -0.1402 0.6103 0.221
0.0140 -2.2257 0.2805 0.6099 0.165
0.0140 -2.2257 0.0000 0.6096 0.164
0.0140 -1.9452 -0.2805 0.6094 0.220
0.0140 -2.0855 0.1402 0.6091 0.192
0.0140 -2.3660 0.2805 0.6087 0.136
0.0140 -1.9452 -0.4207 0.6085 0.219
0.0140 -1.9452 0.0000 0.6082 0.219
0.0140 -2.3660 0.4207 0.6079 0.135
0.0140 -2.0855 -0.2805 0.6076 0.190
0.0140 -1.9452 -0.1402 0.6073 0.218
0.0140 -2.2257 0.2805 0.6070 0.162
0.0140 -2.0855 -0.1402 0.6067 0.190
0.0140 -2.0855 0.0000 0.6064 0.189
0.0140 -2.0855 0.0000 0.6061 0.189
0.0140 -2.0855 0.0000 0.6058 0.189
0.0140 -2.2257 0.1402 0.6055 0.160
0.0140 -2.0855 -0.1402 0.6052 0.188
0.0140 -1.9452 -0.1402 0.6049 0.216
0.0140 -2.0855 0.1402 0.6046 0.188
0.0140 -2.2257 0.1402 0.6043 0.159
0.0140 -2.0855 -0.1402 0.6040 0.187
0.0140 -2.0855 0.0000 0.6038 0.187
0.0140 -2.0855 0.0000 0.6035 0.186
0.0140 -1.9452 -0.1402 0.6032 0.214
0.0140 -2.2257 0.2805 0.6029 0.158
0.0140 -2.2257 0.0000 0.6026 0.157
0.0140 -1.9452 -0.2805 0.6023 0.213
0.0140 -1.9452 0.0000 0.6020 0.213
0.0140 -2.2257 0.2805 0.6017 0.157
0.0140 -2.2257 0.0000 0.6014 0.156
0.0140 -1.9452 -0.2805 0.6011 0.212
0.0140 -1.9452 0.0000 0.6009 0.212
0.0140 -2.2257 0.2805 0.6005 0.155
0.0140 -2.0855 -0.1402 0.6002 0.183
0.0140 -2.0855 0.0000 0.6000 0.183
0.0140 -1.9452 -0.1402 0.5997 0.211
0.0140 -2.2257 0.2805 0.5994 0.154
0.0140 -2.0855 -0.1402 0.5991 0.182
0.0140 -1.9452 -0.1402 0.5988 0.210
0.0140 -2.0855 0.1402 0.5985 0.181
0.0140 -2.0855 0.0000 0.5982 0.181
0.0140 -2.0855 0.0000 0.5979 0.181
0.0140 -2.2257 0.1402 0.5976 0.152
0.0140 -1.9452 -0.2805 0.5973 0.208
0.0140 -1.8050 -0.1402 0.5971 0.236
0.0140 -2.3660 0.5610 0.5968 0.124
0.0140 -2.2257 -0.1402 0.5965 0.151
0.0140 -1.8050 -0.4207 0.5962 0.235
0.0140 -1.9452 0.1402 0.5959 0.207
0.0140 -2.2257 0.2805 0.5956 0.150
0.0140 -2.2257 0.0000 0.5953 0.150
0.0140 -1.8050 -0.4207 0.5951 0.234
0.0140 -1.9452 0.1402 0.5948 0.206
0.0140 -2.3660 0.4207 0.5944 0.121
0.0140 -1.9452 -0.4207 0.5942 0.205
0.0140 -1.9452 0.0000 0.5939 0.205
0.0140 -2.0855 0.1402 0.5936 0.177
0.0140 -2.2257 0.1402 0.5933 0.148
0.0140 -1.9452 -0.2805 0.5930 0.204
0.0140 -1.9452 0.0000 0.5928 0.204
0.0140 -2.0855 0.1402 0.5925 0.175
0.0140 -2.0855 0.0000 0.5922 0.175
0.0140 -2.0855 0.0000 0.5919 0.175
0.0140 -2.0855 0.0000 0.5916 0.174
0.0140 -1.8050 -0.2805 0.5913 0.230
0.0140 -2.2257 0.4207 0.5910 0.146
0.0140 -2.0855 -0.1402 0.5907 0.174
0.0140 -1.9452 -0.1402 0.5905 0.201
0.0140 -2.0855 0.1402 0.5902 0.173
0.0140 -1.9452 -0.1402 0.5899 0.201
0.0140 -2.0855 0.1402 0.5896 0.173
0.0140 -2.0855 0.0000 0.5893 0.172
0.0140 -2.0855 0.0000 0.5890 0.172
0.0140 -1.9452 -0.1402 0.5887 0.200
0.0140 -1.9452 0.0000 0.5885 0.199
0.0140 -2.0855 0.1402 0.5882 0.171
0.0140 -2.2257 0.1402 0.5879 0.143
0.0140 -1.8050 -0.4207 0.5876 0.227
0.0140 -1.9452 0.1402 0.5873 0.198
0.0140 -2.2257 0.2805 0.5870 0.142
0.0140 -2.0855 -0.1402 0.5867 0.170
0.0140 -1.8050 -0.2805 0.5865 0.225
0.0140 -2.0855 0.2805 0.5862 0.169
0.0140 -2.0855 0.0000 0.5859 0.169
0.0140 -2.0855 0.0000 0.5856 0.169
0.0140 -1.9452 -0.1402 0.5853 0.196
0.0140 -1.9452 0.0000 0.5851 0.196
0.0140 -2.0855 0.1402 0.5848 0.168
0.0140 -1.9452 -0.1402 0.5845 0.195
0.0140 -2.0855 0.1402 0.5842 0.167
0.0140 -2.0855 0.0000 0.5839 0.167
0.0140 -1.9452 -0.1402 0.5836 0.195
0.0140 -1.8050 -0.1402 0.5834 0.222
0.0140 -2.2257 0.4207 0.5831 0.138
0.0140 -2.2257 0.0000 0.5828 0.138
0.0140 -1.6647 -0.5610 0.5825 0.250
0.0140 -1.9452 0.2805 0.5823 0.193
0.0140 -2.2257 0.2805 0.5820 0.137
0.0140 -2.0855 -0.1402 0.5817 0.165
0.0140 -1.8050 -0.2805 0.5814 0.220
0.0140 -1.9452 0.1402 0.5811 0.192
0.0140 -2.2257 0.2805 0.5808 0.136
0.0140 -1.9452 -0.2805 0.5806 0.192
0.0140 -1.8050 -0.1402 0.5803 0.219
0.0140 -2.2257 0.4207 0.5800 0.135
0.0140 -1.9452 -0.2805 0.5797 0.191
0.0140 -1.9452 0.0000 0.5794 0.190
0.0140 -1.9452 0.0000 0.5792 0.190
0.0140 -2.0855 0.1402 0.5789 0.162
0.0140 -2.0855 0.0000 0.5786 0.161
0.0140 -1.8050 -0.2805 0.5783 0.217
0.0140 -1.9452 0.1402 0.5781 0.189
0.0140 -2.2257 0.2805 0.5778 0.133
0.0140 -1.9452 -0.2805 0.5775 0.188
0.0140 -1.8050 -0.1402 0.5772 0.216
0.0140 -1.9452 0.1402 0.5770 0.188
0.0140 -2.2257 0.2805 0.5766 0.131
0.0140 -1.9452 -0.2805 0.5764 0.187
0.0140 -1.8050 -0.1402 0.5761 0.215
0.0140 -2.0855 0.2805 0.5758 0.159
0.0140 -2.0855 0.0000 0.5755 0.158
0.0140 -1.8050 -0.2805 0.5753 0.214
0.0140 -2.0855 0.2805 0.5750 0.158
0.0140 -1.9452 -0.1402 0.5747 0.186
0.0140 -1.9452 0.0000 0.5744 0.185
0.0140 -1.9452 0.0000 0.5742 0.185
0.0140 -2.0855 0.1402 0.5739 0.157
0.0140 -1.9452 -0.1402 0.5736 0.185
0.0140 -1.8050 -0.1402 0.5734 0.212
0.0140 -2.0855 0.2805 0.5731 0.156
0.0140 -2.0855 0.0000 0.5728 0.156
0.0140 -1.8050 -0.2805 0.5725 0.212
0.0140 -2.0855 0.2805 0.5722 0.155
0.0140 -1.9452 -0.1402 0.5720 0.183
0.0140 -1.8050 -0.1402 0.5717 0.211
0.0140 -2.0855 0.2805 0.5714 0.154
0.0140 -2.0855 0.0000 0.5711 0.154
0.0140 -1.8050 -0.2805 0.5709 0.210
0.0140 -1.9452 0.1402 0.5706 0.182
0.0140 -2.0855 0.1402 0.5703 0.153
0.0140 -1.9452 -0.1402 0.5700 0.181
0.0140 -1.8050 -0.1402 0.5698 0.209
0.0140 -1.9452 0.1402 0.5695 0.180
0.0140 -2.0855 0.1402 0.5692 0.152
0.0140 -2.0855 0.0000 0.5689 0.152
0.0140 -1.6647 -0.4207 0.5687 0.236
0.0140 -1.9452 0.2805 0.5684 0.179
0.0140 -2.2257 0.2805 0.5681 0.123
0.0140 -1.8050 -0.4207 0.5678 0.207
0.0140 -1.9452 0.1402 0.5676 0.179
0.0140 -1.8050 -0.1402 0.5673 0.206
0.0140 -2.0855 0.2805 0.5670 0.150
0.0140 -2.0855 0.0000 0.5667 0.150
0.0140 -1.8050 -0.2805 0.5665 0.205
0.0140 -1.8050 0.0000 0.5662 0.205
0.0140 -2.0855 0.2805 0.5659 0.149
0.0140 -2.0855 0.0000 0.5657 0.149
0.0140 -1.8050 -0.2805 0.5654 0.204
0.0140 -1.8050 0.0000 0.5651 0.204
0.0140 -2.0855 0.2805 0.5649 0.148
0.0140 -1.9452 -0.1402 0.5646 0.176
0.0140 -1.8050 -0.1402 0.5643 0.203
0.0140 -1.9452 0.1402 0.5641 0.175
0.0140 -2.0855 0.1402 0.5638 0.147
0.0140 -1.9452 -0.1402 0.5635 0.174
0.0140 -1.8050 -0.1402 0.5632 0.202
0.0140 -1.9452 0.1402 0.5630 0.174
0.0140 -1.9452 0.0000 0.5627 0.174
0.0140 -1.9452 0.0000 0.5624 0.173
0.0140 -1.9452 0.0000 0.5621 0.173
0.0140 -1.8050 -0.1402 0.5619 0.201
0.0140 -1.9452 0.1402 0.5616 0.173
0.0140 -2.0855 0.1402 0.5613 0.144
0.0140 -1.9452 -0.1402 0.5611 0.172
0.0140 -1.6647 -0.2805 0.5608 0.228
0.0140 -1.9452 0.2805 0.5606 0.172
0.0140 -2.2257 0.2805 0.5602 0.115
0.0140 -1.8050 -0.4207 0.5600 0.199
0.0140 -1.6647 -0.1402 0.5598 0.227
0.0140 -1.9452 0.2805 0.5595 0.170
0.0140 -2.2257 0.2805 0.5592 0.114
0.0140 -1.8050 -0.4207 0.5589 0.198
0.0140 -1.6647 -0.1402 0.5587 0.226
0.0140 -2.0855 0.4207 0.5584 0.141
0.0140 -2.0855 0.0000 0.5581 0.141
0.0140 -1.6647 -0.4207 0.5579 0.225
0.0140 -1.9452 0.2805 0.5576 0.169
0.0140 -1.9452 0.0000 0.5573 0.168
0.0140 -1.9452 0.0000 0.5571 0.168
0.0140 -1.8050 -0.1402 0.5568 0.196
0.0140 -1.9452 0.1402 0.5565 0.167
0.0140 -1.9452 0.0000 0.5563 0.167
0.0140 -1.8050 -0.1402 0.5560 0.195
0.0140 -2.0855 0.2805 0.5557 0.139
0.0140 -1.8050 -0.2805 0.5555 0.194
0.0140 -1.8050 0.0000 0.5552 0.194
0.0140 -1.9452 0.1402 0.5549 0.166
0.0140 -1.9452 0.0000 0.5547 0.166
0.0140 -1.8050 -0.1402 0.5544 0.193
0.0140 -2.0855 0.2805 0.5541 0.137
0.0140 -1.8050 -0.2805 0.5539 0.193
0.0140 -1.8050 0.0000 0.5536 0.193
0.0140 -1.9452 0.1402 0.5533 0.164
0.0140 -1.9452 0.0000 0.5531 0.164
0.0140 -1.8050 -0.1402 0.5528 0.192
0.0140 -1.8050 0.0000 0.5526 0.192
0.0140 -2.0855 0.2805 0.5523 0.135
0.0140 -1.8050 -0.2805 0.5520 0.191
0.0140 -1.8050 0.0000 0.5518 0.191
0.0140 -1.9452 0.1402 0.5515 0.162
0.0140 -1.9452 0.0000 0.5512 0.162
0.0140 -1.8050 -0.1402 0.5510 0.190
0.0140 -1.8050 0.0000 0.5507 0.190
0.0140 -2.0855 0.2805 0.5504 0.133
0.0140 -1.8050 -0.2805 0.5502 0.189
0.0140 -1.8050 0.0000 0.5499 0.189
0.0140 -1.9452 0.1402 0.5496 0.161
0.0140 -1.8050 -0.1402 0.5494 0.188
0.0140 -1.9452 0.1402 0.5491 0.160
0.0140 -1.8050 -0.1402 0.5489 0.188
0.0140 -1.8050 0.0000 0.5486 0.188
0.0140 -2.0855 0.2805 0.5483 0.131
0.0140 -1.8050 -0.2805 0.5481 0.187
0.0140 -1.8050 0.0000 0.5478 0.187
0.0140 -1.8050 0.0000 0.5476 0.187
0.0140 -1.9452 0.1402 0.5473 0.158
0.0140 -1.9452 0.0000 0.5470 0.158
0.0140 -1.8050 -0.1402 0.5468 0.186
0.0140 -1.8050 0.0000 0.5465 0.186
0.0140 -1.9452 0.1402 0.5462 0.157
0.0140 -1.8050 -0.1402 0.5460 0.185
0.0140 -1.9452 0.1402 0.5457 0.157
0.0140 -1.8050 -0.1402 0.5455 0.184
0.0140 -1.8050 0.0000 0.5452 0.184
0.0140 -1.9452 0.1402 0.5449 0.156
0.0140 -1.8050 -0.1402 0.5447 0.184
0.0140 -1.8050 0.0000 0.5444 0.183
0.0140 -1.9452 0.1402 0.5442 0.155
0.0140 -1.8050 -0.1402 0.5439 0.183
0.0140 -1.8050 0.0000 0.5437 0.183
0.0140 -2.0855 0.2805 0.5434 0.126
0.0140 -1.6647 -0.4207 0.5431 0.210
0.0140 -1.6647 0.0000 0.5429 0.210
0.0140 -2.0855 0.4207 0.5426 0.126
0.0140 -1.9452 -0.1402 0.5423 0.153
0.0140 -1.6647 -0.2805 0.5421 0.209
0.0140 -1.8050 0.1402 0.5418 0.181
0.0140 -1.9452 0.1402 0.5416 0.153
0.0140 -1.9452 0.0000 0.5413 0.152
0.0140 -1.6647 -0.2805 0.5411 0.208
0.0140 -1.8050 0.1402 0.5408 0.180
0.0140 -1.9452 0.1402 0.5405 0.151
0.0140 -1.9452 0.0000 0.5403 0.151
0.0140 -1.6647 -0.2805 0.5400 0.207
0.0140 -1.8050 0.1402 0.5398 0.179
0.0140 -2.0855 0.2805 0.5395 0.122
0.0140 -1.6647 -0.4207 0.5393 0.206
0.0140 -1.6647 0.0000 0.5390 0.206
0.0140 -2.0855 0.4207 0.5387 0.122
0.0140 -1.9452 -0.1402 0.5385 0.149
0.0140 -1.5245 -0.4207 0.5383 0.233
0.0140 -1.9452 0.4207 0.5380 0.149
0.0140 -1.8050 -0.1402 0.5377 0.177
0.0140 -1.9452 0.1402 0.5375 0.148
0.0140 -1.8050 -0.1402 0.5372 0.176
0.0140 -1.6647 -0.1402 0.5370 0.204
0.0140 -1.9452 0.2805 0.5367 0.148
0.0140 -1.8050 -0.1402 0.5364 0.175
0.0140 -1.8050 0.0000 0.5362 0.175
0.0140 -1.8050 0.0000 0.5359 0.175
0.0140 -1.8050 0.0000 0.5357 0.175
0.0140 -1.9452 0.1402 0.5354 0.146
0.0140 -1.8050 -0.1402 0.5352 0.174
0.0140 -1.6647 -0.1402 0.5349 0.202
0.0140 -1.8050 0.1402 0.5347 0.174
0.0140 -1.9452 0.1402 0.5344 0.145
0.0140 -1.8050 -0.1402 0.5341 0.173
0.0140 -1.8050 0.0000 0.5339 0.173
0.0140 -1.8050 0.0000 0.5336 0.173
0.0140 -1.8050 0.0000 0.5334 0.172
0.0140 -1.8050 0.0000 0.5331 0.172
0.0140 -1.8050 0.0000 0.5329 0.172
0.0140 -1.8050 0.0000 0.5326 0.172
0.0140 -1.8050 0.0000 0.5324 0.171
0.0140 -1.8050 0.0000 0.5321 0.171
0.0140 -1.8050 0.0000 0.5319 0.171
0.0140 -1.8050 0.0000 0.5316 0.171
0.0140 -1.8050 0.0000 0.5314 0.170
0.0140 -1.8050 0.0000 0.5311 0.170
0.0140 -1.8050 0.0000 0.5309 0.170
0.0140 -1.8050 0.0000 0.5306 0.170
0.0140 -1.8050 0.0000 0.5304 0.169
0.0140 -1.8050 0.0000 0.5301 0.169
0.0140 -1.8050 0.0000 0.5299 0.169
0.0140 -1.8050 0.0000 0.5296 0.169
0.0140 -1.8050 0.0000 0.5293 0.168
0.0140 -1.6647 -0.1402 0.5291 0.196
0.0140 -1.9452 0.2805 0.5288 0.140
0.0140 -1.8050 -0.1402 0.5286 0.168
0.0140 -1.6647 -0.1402 0.5284 0.195
0.0140 -1.8050 0.1402 0.5281 0.167
0.0140 -1.8050 0.0000 0.5278 0.167
0.0140 -1.8050 0.0000 0.5276 0.167
0.0140 -1.8050 0.0000 0.5273 0.166
0.0140 -1.8050 0.0000 0.5271 0.166
0.0140 -1.8050 0.0000 0.5268 0.166
0.0140 -1.6647 -0.1402 0.5266 0.194
0.0140 -1.8050 0.1402 0.5264 0.165
0.0140 -1.9452 0.1402 0.5261 0.137
0.0140 -1.6647 -0.2805 0.5258 0.193
0.0140 -1.8050 0.1402 0.5256 0.165
0.0140 -1.6647 -0.1402 0.5254 0.192
0.0140 -1.9452 0.2805 0.5251 0.136
0.0140 -1.8050 -0.1402 0.5248 0.164
0.0140 -1.5245 -0.2805 0.5246 0.220
0.0140 -1.8050 0.2805 0.5244 0.163
0.0140 -2.0855 0.2805 0.5241 0.107
0.0140 -1.6647 -0.4207 0.5238 0.191
0.0140 -1.5245 -0.1402 0.5236 0.219
0.0140 -1.9452 0.4207 0.5234 0.134
0.0140 -1.8050 -0.1402 0.5231 0.162
0.0140 -1.8050 0.0000 0.5229 0.162
0.0140 -1.6647 -0.1402 0.5226 0.190
0.0140 -1.6647 0.0000 0.5224 0.189
0.0140 -1.9452 0.2805 0.5221 0.133
0.0140 -1.8050 -0.1402 0.5219 0.161
0.0140 -1.6647 -0.1402 0.5216 0.189
0.0140 -1.6647 0.0000 0.5214 0.188
0.0140 -1.9452 0.2805 0.5211 0.132
0.0140 -1.8050 -0.1402 0.5209 0.160
0.0140 -1.5245 -0.2805 0.5207 0.216
0.0140 -1.8050 0.2805 0.5204 0.159
0.0140 -1.8050 0.0000 0.5202 0.159
0.0140 -1.8050 0.0000 0.5199 0.159
0.0140 -1.8050 0.0000 0.5196 0.159
0.0140 -1.6647 -0.1402 0.5194 0.186
0.0140 -1.6647 0.0000 0.5192 0.186
0.0140 -1.9452 0.2805 0.5189 0.130
0.0140 -1.6647 -0.2805 0.5187 0.186
0.0140 -1.8050 0.1402 0.5184 0.157
0.0140 -1.6647 -0.1402 0.5182 0.185
0.0140 -1.6647 0.0000 0.5180 0.185
0.0140 -1.9452 0.2805 0.5177 0.129
0.0140 -1.6647 -0.2805 0.5175 0.185
0.0140 -1.8050 0.1402 0.5172 0.156
0.0140 -1.6647 -0.1402 0.5170 0.184
0.0140 -1.6647 0.0000 0.5167 0.184
0.0140 -1.9452 0.2805 0.5165 0.127
0.0140 -1.6647 -0.2805 0.5162 0.183
0.0140 -1.6647 0.0000 0.5160 0.183
0.0140 -1.8050 0.1402 0.5157 0.155
0.0140 -1.8050 0.0000 0.5155 0.154
0.0140 -1.6647 -0.1402 0.5153 0.182
0.0140 -1.6647 0.0000 0.5150 0.182
0.0140 -1.8050 0.1402 0.5148 0.154
0.0140 -1.8050 0.0000 0.5145 0.154
0.0140 -1.6647 -0.1402 0.5143 0.181
0.0140 -1.8050 0.1402 0.5140 0.153
0.0140 -1.5245 -0.2805 0.5138 0.209
0.0140 -1.8050 0.2805 0.5136 0.153
0.0140 -1.9452 0.1402 0.5133 0.124
0.0140 -1.6647 -0.2805 0.5131 0.180
0.0140 -1.5245 -0.1402 0.5128 0.208
0.0140 -1.8050 0.2805 0.5126 0.152
0.0140 -1.8050 0.0000 0.5123 0.151
0.0140 -1.8050 0.0000 0.5121 0.151
0.0140 -1.5245 -0.2805 0.5119 0.207
0.0140 -1.8050 0.2805 0.5116 0.151
0.0140 -1.8050 0.0000 0.5114 0.150
0.0140 -1.6647 -0.1402 0.5111 0.178
0.0140 -1.6647 0.0000 0.5109 0.178
0.0140 -1.6647 0.0000 0.5107 0.178
0.0140 -1.9452 0.2805 0.5104 0.121
0.0140 -1.5245 -0.4207 0.5102 0.205
0.0140 -1.6647 0.1402 0.5100 0.177
0.0140 -1.9452 0.2805 0.5097 0.121
0.0140 -1.6647 -0.2805 0.5094 0.176
0.0140 -1.5245 -0.1402 0.5092 0.204
0.0140 -1.8050 0.2805 0.5090 0.148
0.0140 -1.8050 0.0000 0.5087 0.148
0.0140 -1.6647 -0.1402 0.5085 0.176
0.0140 -1.6647 0.0000 0.5083 0.175
0.0140 -1.8050 0.1402 0.5080 0.147
0.0140 -1.6647 -0.1402 0.5078 0.175
0.0140 -1.6647 0.0000 0.5075 0.175
0.0140 -1.6647 0.0000 0.5073 0.174
0.0140 -1.8050 0.1402 0.5071 0.146
0.0140 -1.8050 0.0000 0.5068 0.146
0.0140 -1.5245 -0.2805 0.5066 0.202
0.0140 -1.6647 0.1402 0.5064 0.173
0.0140 -1.8050 0.1402 0.5061 0.145
0.0140 -1.6647 -0.1402 0.5059 0.173
0.0140 -1.8050 0.1402 0.5056 0.145
0.0140 -1.6647 -0.1402 0.5054 0.172
0.0140 -1.6647 0.0000 0.5052 0.172
0.0140 -1.5245 -0.1402 0.5049 0.200
0.0140 -1.9452 0.4207 0.5047 0.116
0.0140 -1.6647 -0.2805 0.5044 0.171
0.0140 -1.6647 0.0000 0.5042 0.171
0.0140 -1.6647 0.0000 0.5040 0.171
0.0140 -1.6647 0.0000 0.5037 0.171
0.0140 -1.6647 0.0000 0.5035 0.171
0.0140 -1.8050 0.1402 0.5032 0.142
0.0140 -1.6647 -0.1402 0.5030 0.170
0.0140 -1.6647 0.0000 0.5028 0.170
0.0140 -1.6647 0.0000 0.5026 0.170
0.0140 -1.6647 0.0000 0.5023 0.169
0.0140 -1.8050 0.1402 0.5021 0.141
0.0140 -1.6647 -0.1402 0.5018 0.169
0.0140 -1.6647 0.0000 0.5016 0.169
0.0140 -1.5245 -0.1402 0.5014 0.196
0.0140 -1.8050 0.2805 0.5011 0.140
0.0140 -1.8050 0.0000 0.5009 0.140
0.0140 -1.5245 -0.2805 0.5007 0.196
0.0140 -1.6647 0.1402 0.5004 0.167
0.0140 -1.6647 0.0000 0.5002 0.167
0.0140 -1.8050 0.1402 0.4999 0.139
0.0140 -1.6647 -0.1402 0.4997 0.167
0.0140 -1.6647 0.0000 0.4995 0.167
0.0140 -1.5245 -0.1402 0.4993 0.194
0.0140 -1.8050 0.2805 0.4990 0.138
0.0140 -1.6647 -0.1402 0.4988 0.166
0.0140 -1.6647 0.0000 0.4985 0.166
0.0140 -1.6647 0.0000 0.4983 0.165
0.0140 -1.6647 0.0000 0.4981 0.165
0.0140 -1.6647 0.0000 0.4978 0.165
0.0140 -1.6647 0.0000 0.4976 0.165
0.0140 -1.6647 0.0000 0.4974 0.164
0.0140 -1.6647 0.0000 0.4972 0.164
0.0140 -1.6647 0.0000 0.4969 0.164
0.0140 -1.6647 0.0000 0.4967 0.164
0.0140 -1.8050 0.1402 0.4964 0.135
0.0140 -1.5245 -0.2805 0.4962 0.191
0.0140 -1.5245 0.0000 0.4960 0.191
0.0140 -1.8050 0.2805 0.4958 0.135
0.0140 -1.8050 0.0000 0.4955 0.135
0.0140 -1.5245 -0.2805 0.4953 0.190
0.0140 -1.5245 0.0000 0.4951 0.190
0.0140 -1.8050 0.2805 0.4948 0.134
0.0140 -1.8050 0.0000 0.4946 0.134
0.0140 -1.3842 -0.4207 0.4944 0.218
0.0140 -1.6647 0.2805 0.4941 0.161
0.0140 -1.8050 0.1402 0.4939 0.133
0.0140 -1.6647 -0.1402 0.4937 0.161
0.0140 -1.5245 -0.1402 0.4934 0.189
0.0140 -1.6647 0.1402 0.4932 0.160
0.0140 -1.8050 0.1402 0.4930 0.132
0.0140 -1.5245 -0.2805 0.4927 0.188
0.0140 -1.5245 0.0000 0.4925 0.188
0.0140 -1.8050 0.2805 0.4923 0.131
0.0140 -1.6647 -0.1402 0.4920 0.159
0.0140 -1.5245 -0.1402 0.4918 0.187
0.0140 -1.6647 0.1402 0.4916 0.159
0.0140 -1.8050 0.1402 0.4913 0.130
0.0140 -1.5245 -0.2805 0.4911 0.186
0.0140 -1.5245 0.0000 0.4909 0.186
0.0140 -1.8050 0.2805 0.4907 0.130
0.0140 -1.6647 -0.1402 0.4904 0.157
0.0140 -1.5245 -0.1402 0.4902 0.185
0.0140 -1.6647 0.1402 0.4900 0.157
0.0140 -1.6647 0.0000 0.4898 0.157
0.0140 -1.6647 0.0000 0.4895 0.157
0.0140 -1.5245 -0.1402 0.4893 0.184
0.0140 -1.6647 0.1402 0.4891 0.156
0.0140 -1.6647 0.0000 0.4888 0.156
0.0140 -1.6647 0.0000 0.4886 0.156
0.0140 -1.6647 0.0000 0.4884 0.155
0.0140 -1.5245 -0.1402 0.4882 0.183
0.0140 -1.6647 0.1402 0.4879 0.155
0.0140 -1.6647 0.0000 0.4877 0.155
0.0140 -1.5245 -0.1402 0.4875 0.183
0.0140 -1.6647 0.1402 0.4872 0.154
0.0140 -1.8050 0.1402 0.4870 0.126
0.0140 -1.3842 -0.4207 0.4868 0.210
0.0140 -1.6647 0.2805 0.4866 0.154
0.0140 -1.8050 0.1402 0.4863 0.125
0.0140 -1.3842 -0.4207 0.4861 0.209
0.0140 -1.6647 0.2805 0.4859 0.153
0.0140 -1.8050 0.1402 0.4856 0.125
0.0140 -1.5245 -0.2805 0.4854 0.181
0.0140 -1.5245 0.0000 0.4852 0.180
0.0140 -1.6647 0.1402 0.4850 0.152
0.0140 -1.6647 0.0000 0.4847 0.152
0.0140 -1.6647 0.0000 0.4845 0.152
0.0140 -1.5245 -0.1402 0.4843 0.179
0.0140 -1.5245 0.0000 0.4841 0.179
0.0140 -1.8050 0.2805 0.4838 0.123
0.0140 -1.5245 -0.2805 0.4836 0.179
0.0140 -1.5245 0.0000 0.4834 0.179
0.0140 -1.6647 0.1402 0.4832 0.150
0.0140 -1.8050 0.1402 0.4829 0.122
0.0140 -1.3842 -0.4207 0.4827 0.206
0.0140 -1.6647 0.2805 0.4825 0.150
0.0140 -1.6647 0.0000 0.4823 0.149
0.0140 -1.5245 -0.1402 0.4820 0.177
0.0140 -1.6647 0.1402 0.4818 0.149
0.0140 -1.5245 -0.1402 0.4816 0.177
0.0140 -1.6647 0.1402 0.4814 0.148
0.0140 -1.6647 0.0000 0.4811 0.148
0.0140 -1.5245 -0.1402 0.4809 0.176
0.0140 -1.5245 0.0000 0.4807 0.176
0.0140 -1.6647 0.1402 0.4805 0.148
0.0140 -1.6647 0.0000 0.4802 0.147
0.0140 -1.5245 -0.1402 0.4800 0.175
0.0140 -1.6647 0.1402 0.4798 0.147
0.0140 -1.5245 -0.1402 0.4796 0.175
0.0140 -1.6647 0.1402 0.4793 0.146
0.0140 -1.6647 0.0000 0.4791 0.146
0.0140 -1.3842 -0.2805 0.4789 0.202
0.0140 -1.6647 0.2805 0.4787 0.146
0.0140 -1.6647 0.0000 0.4785 0.146
0.0140 -1.5245 -0.1402 0.4782 0.173
0.0140 -1.6647 0.1402 0.4780 0.145
0.0140 -1.5245 -0.1402 0.4778 0.173
0.0140 -1.5245 0.0000 0.4776 0.173
0.0140 -1.8050 0.2805 0.4773 0.116
0.0140 -1.5245 -0.2805 0.4771 0.172
0.0140 -1.3842 -0.1402 0.4769 0.200
0.0140 -1.6647 0.2805 0.4767 0.144
0.0140 -1.6647 0.0000 0.4765 0.144
0.0140 -1.6647 0.0000 0.4762 0.143
0.0140 -1.3842 -0.2805 0.4760 0.199
0.0140 -1.6647 0.2805 0.4758 0.143
0.0140 -1.5245 -0.1402 0.4756 0.171
0.0140 -1.6647 0.1402 0.4753 0.142
0.0140 -1.6647 0.0000 0.4751 0.142
0.0140 -1.3842 -0.2805 0.4749 0.198
0.0140 -1.6647 0.2805 0.4747 0.142
0.0140 -1.5245 -0.1402 0.4745 0.170
0.0140 -1.6647 0.1402 0.4742 0.141
0.0140 -1.5245 -0.1402 0.4740 0.169
0.0140 -1.5245 0.0000 0.4738 0.169
0.0140 -1.6647 0.1402 0.4736 0.141
0.0140 -1.5245 -0.1402 0.4734 0.168
0.0140 -1.5245 0.0000 0.4732 0.168
0.0140 -1.6647 0.1402 0.4729 0.140
0.0140 -1.5245 -0.1402 0.4727 0.168
0.0140 -1.5245 0.0000 0.4725 0.168
0.0140 -1.6647 0.1402 0.4723 0.139
0.0140 -1.5245 -0.1402 0.4720 0.167
0.0140 -1.5245 0.0000 0.4718 0.167
0.0140 -1.5245 0.0000 0.4716 0.167
0.0140 -1.6647 0.1402 0.4714 0.138
0.0140 -1.5245 -0.1402 0.4712 0.166
0.0140 -1.5245 0.0000 0.4710 0.166
0.0140 -1.6647 0.1402 0.4707 0.138
0.0140 -1.5245 -0.1402 0.4705 0.166
0.0140 -1.5245 0.0000 0.4703 0.165
0.0140 -1.5245 0.0000 0.4701 0.165
0.0140 -1.5245 0.0000 0.4699 0.165
0.0140 -1.6647 0.1402 0.4696 0.137
0.0140 -1.6647 0.0000 0.4694 0.136
0.0140 -1.2440 -0.4207 0.4692 0.220
0.0140 -1.6647 0.4207 0.4690 0.136
0.0140 -1.6647 0.0000 0.4688 0.136
0.0140 -1.5245 -0.1402 0.4686 0.164
0.0140 -1.5245 0.0000 0.4683 0.163
0.0140 -1.5245 0.0000 0.4681 0.163
0.0140 -1.5245 0.0000 0.4679 0.163
0.0140 -1.6647 0.1402 0.4677 0.135
0.0140 -1.3842 -0.2805 0.4675 0.191
0.0140 -1.6647 0.2805 0.4673 0.134
0.0140 -1.6647 0.0000 0.4670 0.134
0.0140 -1.3842 -0.2805 0.4668 0.190
0.0140 -1.3842 0.0000 0.4666 0.190
0.0140 -1.8050 0.4207 0.4664 0.105
0.0140 -1.5245 -0.2805 0.4662 0.161
0.0140 -1.5245 0.0000 0.4660 0.161
0.0140 -1.3842 -0.1402 0.4658 0.189
0.0140 -1.6647 0.2805 0.4655 0.133
0.0140 -1.5245 -0.1402 0.4653 0.160
0.0140 -1.5245 0.0000 0.4651 0.160
0.0140 -1.5245 0.0000 0.4649 0.160
0.0140 -1.6647 0.1402 0.4647 0.132
0.0140 -1.3842 -0.2805 0.4645 0.188
0.0140 -1.5245 0.1402 0.4642 0.159
0.0140 -1.6647 0.1402 0.4640 0.131
0.0140 -1.5245 -0.1402 0.4638 0.159
0.0140 -1.3842 -0.1402 0.4636 0.187
0.0140 -1.5245 0.1402 0.4634 0.158
0.0140 -1.8050 0.2805 0.4631 0.102
0.0140 -1.3842 -0.4207 0.4629 0.186
0.0140 -1.3842 0.0000 0.4628 0.186
0.0140 -1.6647 0.2805 0.4625 0.130
0.0140 -1.5245 -0.1402 0.4623 0.157
0.0140 -1.5245 0.0000 0.4621 0.157
0.0140 -1.5245 0.0000 0.4619 0.157
0.0140 -1.5245 0.0000 0.4617 0.157
0.0140 -1.5245 0.0000 0.4615 0.157
0.0140 -1.3842 -0.1402 0.4613 0.184
0.0140 -1.6647 0.2805 0.4610 0.128
0.0140 -1.6647 0.0000 0.4608 0.128
0.0140 -1.3842 -0.2805 0.4606 0.184
0.0140 -1.3842 0.0000 0.4604 0.184
0.0140 -1.6647 0.2805 0.4602 0.127
0.0140 -1.5245 -0.1402 0.4600 0.155
0.0140 -1.5245 0.0000 0.4597 0.155
0.0140 -1.3842 -0.1402 0.4596 0.183
0.0140 -1.5245 0.1402 0.4593 0.154
0.0140 -1.6647 0.1402 0.4591 0.126
0.0140 -1.5245 -0.1402 0.4589 0.154
0.0140 -1.3842 -0.1402 0.4587 0.182
0.0140 -1.5245 0.1402 0.4585 0.154
0.0140 -1.5245 0.0000 0.4583 0.153
0.0140 -1.5245 0.0000 0.4581 0.153
0.0140 -1.5245 0.0000 0.4578 0.153
0.0140 -1.5245 0.0000 0.4576 0.153
0.0140 -1.5245 0.0000 0.4574 0.153
0.0140 -1.3842 -0.1402 0.4572 0.180
0.0140 -1.5245 0.1402 0.4570 0.152
0.0140 -1.6647 0.1402 0.4568 0.124
0.0140 -1.3842 -0.2805 0.4566 0.180
0.0140 -1.5245 0.1402 0.4564 0.151
0.0140 -1.5245 0.0000 0.4562 0.151
0.0140 -1.3842 -0.1402 0.4560 0.179
0.0140 -1.6647 0.2805 0.4557 0.123
0.0140 -1.3842 -0.2805 0.4555 0.179
0.0140 -1.5245 0.1402 0.4553 0.150
0.0140 -1.5245 0.0000 0.4551 0.150
0.0140 -1.5245 0.0000 0.4549 0.150
0.0140 -1.5245 0.0000 0.4547 0.150
0.0140 -1.3842 -0.1402 0.4545 0.178
0.0140 -1.5245 0.1402 0.4543 0.149
0.0140 -1.5245 0.0000 0.4541 0.149
0.0140 -1.5245 0.0000 0.4538 0.149
0.0140 -1.3842 -0.1402 0.4537 0.177
0.0140 -1.5245 0.1402 0.4534 0.149
0.0140 -1.5245 0.0000 0.4532 0.148
0.0140 -1.5245 0.0000 0.4530 0.148
0.0140 -1.5245 0.0000 0.4528 0.148
0.0140 -1.3842 -0.1402 0.4526 0.176
0.0140 -1.5245 0.1402 0.4524 0.147
0.0140 -1.5245 0.0000 0.4522 0.147
0.0140 -1.3842 -0.1402 0.4520 0.175
0.0140 -1.5245 0.1402 0.4518 0.147
0.0140 -1.6647 0.1402 0.4515 0.119
0.0140 -1.3842 -0.2805 0.4513 0.174
0.0140 -1.2440 -0.1402 0.4512 0.202
0.0140 -1.6647 0.4207 0.4509 0.118
0.0140 -1.6647 0.0000 0.4507 0.118
0.0140 -1.2440 -0.4207 0.4505 0.202
0.0140 -1.5245 0.2805 0.4503 0.145
0.0140 -1.5245 0.0000 0.4501 0.145
0.0140 -1.3842 -0.1402 0.4499 0.173
0.0140 -1.6647 0.2805 0.4497 0.117
0.0140 -1.3842 -0.2805 0.4495 0.173
0.0140 -1.3842 0.0000 0.4493 0.172
0.0140 -1.5245 0.1402 0.4491 0.144
0.0140 -1.5245 0.0000 0.4489 0.144
0.0140 -1.5245 0.0000 0.4486 0.144
0.0140 -1.2440 -0.2805 0.4485 0.200
0.0140 -1.5245 0.2805 0.4483 0.143
0.0140 -1.6647 0.1402 0.4480 0.115
0.0140 -1.3842 -0.2805 0.4478 0.171
0.0140 -1.3842 0.0000 0.4476 0.171
0.0140 -1.5245 0.1402 0.4474 0.143
0.0140 -1.5245 0.0000 0.4472 0.142
0.0140 -1.3842 -0.1402 0.4470 0.170
0.0140 -1.5245 0.1402 0.4468 0.142
0.0140 -1.5245 0.0000 0.4466 0.142
0.0140 -1.3842 -0.1402 0.4464 0.170
0.0140 -1.3842 0.0000 0.4462 0.169
0.0140 -1.5245 0.1402 0.4460 0.141
0.0140 -1.5245 0.0000 0.4458 0.141
0.0140 -1.5245 0.0000 0.4456 0.141
0.0140 -1.2440 -0.2805 0.4454 0.197
0.0140 -1.5245 0.2805 0.4452 0.140
0.0140 -1.5245 0.0000 0.4450 0.140
0.0140 -1.5245 0.0000 0.4448 0.140
0.0140 -1.2440 -0.2805 0.4446 0.196
0.0140 -1.5245 0.2805 0.4444 0.139
0.0140 -1.5245 0.0000 0.4442 0.139
0.0140 -1.5245 0.0000 0.4439 0.139
0.0140 -1.3842 -0.1402 0.4437 0.167
0.0140 -1.3842 0.0000 0.4435 0.167
0.0140 -1.5245 0.1402 0.4433 0.138
0.0140 -1.3842 -0.1402 0.4431 0.166
0.0140 -1.5245 0.1402 0.4429 0.138
0.0140 -1.3842 -0.1402 0.4427 0.166
0.0140 -1.5245 0.1402 0.4425 0.138
0.0140 -1.3842 -0.1402 0.4423 0.165
0.0140 -1.3842 0.0000 0.4421 0.165
0.0140 -1.5245 0.1402 0.4419 0.137
0.0140 -1.5245 0.0000 0.4417 0.137
0.0140 -1.3842 -0.1402 0.4415 0.165
0.0140 -1.3842 0.0000 0.4413 0.164
0.0140 -1.5245 0.1402 0.4411 0.136
0.0140 -1.3842 -0.1402 0.4409 0.164
0.0140 -1.3842 0.0000 0.4407 0.164
0.0140 -1.5245 0.1402 0.4405 0.136
0.0140 -1.5245 0.0000 0.4403 0.135
0.0140 -1.2440 -0.2805 0.4401 0.191
0.0140 -1.5245 0.2805 0.4399 0.135
0.0140 -1.5245 0.0000 0.4397 0.135
0.0140 -1.3842 -0.1402 0.4395 0.163
0.0140 -1.3842 0.0000 0.4393 0.162
0.0140 -1.5245 0.1402 0.4391 0.134
0.0140 -1.3842 -0.1402 0.4389 0.162
0.0140 -1.3842 0.0000 0.4387 0.162
0.0140 -1.5245 0.1402 0.4385 0.134
0.0140 -1.3842 -0.1402 0.4383 0.161
0.0140 -1.3842 0.0000 0.4381 0.161
0.0140 -1.5245 0.1402 0.4379 0.133
0.0140 -1.3842 -0.1402 0.4377 0.161
0.0140 -1.3842 0.0000 0.4375 0.161
0.0140 -1.5245 0.1402 0.4373 0.132
0.0140 -1.3842 -0.1402 0.4371 0.160
0.0140 -1.3842 0.0000 0.4369 0.160
0.0140 -1.3842 0.0000 0.4367 0.160
0.0140 -1.5245 0.1402 0.4365 0.132
0.0140 -1.5245 0.0000 0.4363 0.131
0.0140 -1.2440 -0.2805 0.4361 0.187
0.0140 -1.3842 0.1402 0.4359 0.159
0.0140 -1.5245 0.1402 0.4357 0.131
0.0140 -1.5245 0.0000 0.4355 0.131
0.0140 -1.2440 -0.2805 0.4353 0.187
0.0140 -1.5245 0.2805 0.4351 0.130
0.0140 -1.3842 -0.1402 0.4349 0.158
0.0140 -1.3842 0.0000 0.4347 0.158
0.0140 -1.3842 0.0000 0.4345 0.158
0.0140 -1.5245 0.1402 0.4343 0.129
0.0140 -1.3842 -0.1402 0.4341 0.157
0.0140 -1.3842 0.0000 0.4339 0.157
0.0140 -1.3842 0.0000 0.4337 0.157
0.0140 -1.5245 0.1402 0.4335 0.129
0.0140 -1.2440 -0.2805 0.4333 0.185
0.0140 -1.5245 0.2805 0.4331 0.128
0.0140 -1.3842 -0.1402 0.4329 0.156
0.0140 -1.3842 0.0000 0.4327 0.156
0.0140 -1.5245 0.1402 0.4325 0.128
0.0140 -1.3842 -0.1402 0.4323 0.155
0.0140 -1.2440 -0.1402 0.4321 0.183
0.0140 -1.3842 0.1402 0.4320 0.155
0.0140 -1.6647 0.2805 0.4317 0.099
0.0140 -1.3842 -0.2805 0.4315 0.155
0.0140 -1.2440 -0.1402 0.4314 0.183
0.0140 -1.2440 0.0000 0.4312 0.182
0.0140 -1.6647 0.4207 0.4309 0.098
0.0140 -1.5245 -0.1402 0.4307 0.126
0.0140 -1.1037 -0.4207 0.4306 0.210
0.0140 -1.5245 0.4207 0.4304 0.125
0.0140 -1.3842 -0.1402 0.4302 0.153
0.0140 -1.3842 0.0000 0.4300 0.153
0.0140 -1.5245 0.1402 0.4298 0.125
0.0140 -1.2440 -0.2805 0.4296 0.181
0.0140 -1.3842 0.1402 0.4294 0.153
0.0140 -1.3842 0.0000 0.4292 0.152
0.0140 -1.5245 0.1402 0.4290 0.124
0.0140 -1.3842 -0.1402 0.4288 0.152
0.0140 -1.2440 -0.1402 0.4286 0.180
0.0140 -1.5245 0.2805 0.4284 0.124
0.0140 -1.3842 -0.1402 0.4282 0.151
0.0140 -1.3842 0.0000 0.4280 0.151
0.0140 -1.3842 0.0000 0.4278 0.151
0.0140 -1.2440 -0.1402 0.4277 0.179
0.0140 -1.5245 0.2805 0.4274 0.123
0.0140 -1.5245 0.0000 0.4272 0.122
0.0140 -1.2440 -0.2805 0.4271 0.178
0.0140 -1.2440 0.0000 0.4269 0.178
0.0140 -1.5245 0.2805 0.4267 0.122
0.0140 -1.5245 0.0000 0.4265 0.122
0.0140 -1.2440 -0.2805 0.4263 0.177
0.0140 -1.2440 0.0000 0.4261 0.177
0.0140 -1.5245 0.2805 0.4259 0.121
0.0140 -1.5245 0.0000 0.4257 0.121
0.0140 -1.2440 -0.2805 0.4255 0.177
0.0140 -1.2440 0.0000 0.4253 0.177
0.0140 -1.5245 0.2805 0.4251 0.120
0.0140 -1.3842 -0.1402 0.4249 0.148
0.0140 -1.3842 0.0000 0.4247 0.148
0.0140 -1.2440 -0.1402 0.4246 0.176
0.0140 -1.5245 0.2805 0.4243 0.119
0.0140 -1.3842 -0.1402 0.4241 0.147
0.0140 -1.2440 -0.1402 0.4240 0.175
0.0140 -1.3842 0.1402 0.4238 0.147
0.0140 -1.5245 0.1402 0.4236 0.119
0.0140 -1.2440 -0.2805 0.4234 0.175
0.0140 -1.3842 0.1402 0.4232 0.146
0.0140 -1.3842 0.0000 0.4230 0.146
0.0140 -1.3842 0.0000 0.4228 0.146
0.0140 -1.3842 0.0000 0.4226 0.146
0.0140 -1.3842 0.0000 0.4224 0.146
0.0140 -1.2440 -0.1402 0.4222 0.173
0.0140 -1.3842 0.1402 0.4221 0.145
0.0140 -1.5245 0.1402 0.4218 0.117
0.0140 -1.3842 -0.1402 0.4216 0.145
0.0140 -1.1037 -0.2805 0.4215 0.201
0.0140 -1.5245 0.4207 0.4213 0.116
0.0140 -1.5245 0.0000 0.4211 0.116
0.0140 -1.1037 -0.4207 0.4209 0.200
0.0140 -1.3842 0.2805 0.4207 0.144
0.0140 -1.5245 0.1402 0.4205 0.116
0.0140 -1.2440 -0.2805 0.4203 0.172
0.0140 -1.2440 0.0000 0.4202 0.171
0.0140 -1.5245 0.2805 0.4199 0.115
0.0140 -1.3842 -0.1402 0.4197 0.143
0.0140 -1.2440 -0.1402 0.4196 0.171
0.0140 -1.3842 0.1402 0.4194 0.143
0.0140 -1.5245 0.1402 0.4192 0.114
0.0140 -1.1037 -0.4207 0.4190 0.198
0.0140 -1.3842 0.2805 0.4188 0.142
0.0140 -1.5245 0.1402 0.4186 0.114
0.0140 -1.2440 -0.2805 0.4184 0.170
0.0140 -1.2440 0.0000 0.4183 0.169
0.0140 -1.5245 0.2805 0.4180 0.113
0.0140 -1.3842 -0.1402 0.4178 0.141
0.0140 -1.2440 -0.1402 0.4177 0.169
0.0140 -1.2440 0.0000 0.4175 0.169
0.0140 -1.5245 0.2805 0.4173 0.112
0.0140 -1.3842 -0.1402 0.4171 0.140
0.0140 -1.2440 -0.1402 0.4169 0.168
0.0140 -1.2440 0.0000 0.4167 0.168
0.0140 -1.5245 0.2805 0.4165 0.112
0.0140 -1.2440 -0.2805 0.4164 0.168
0.0140 -1.3842 0.1402 0.4162 0.139
0.0140 -1.3842 0.0000 0.4160 0.139
0.0140 -1.2440 -0.1402 0.4158 0.167
0.0140 -1.3842 0.1402 0.4156 0.139
0.0140 -1.3842 0.0000 0.4154 0.139
0.0140 -1.2440 -0.1402 0.4152 0.166
0.0140 -1.3842 0.1402 0.4150 0.138
0.0140 -1.3842 0.0000 0.4148 0.138
0.0140 -1.2440 -0.1402 0.4147 0.166
0.0140 -1.3842 0.1402 0.4145 0.138
0.0140 -1.3842 0.0000 0.4143 0.137
0.0140 -1.2440 -0.1402 0.4141 0.165
0.0140 -1.3842 0.1402 0.4139 0.137
0.0140 -1.3842 0.0000 0.4137 0.137
0.0140 -1.2440 -0.1402 0.4135 0.165
0.0140 -1.3842 0.1402 0.4134 0.137
0.0140 -1.3842 0.0000 0.4132 0.136
0.0140 -1.2440 -0.1402 0.4130 0.164
0.0140 -1.2440 0.0000 0.4128 0.164
0.0140 -1.5245 0.2805 0.4126 0.108
0.0140 -1.2440 -0.2805 0.4124 0.164
0.0140 -1.2440 0.0000 0.4122 0.163
0.0140 -1.3842 0.1402 0.4121 0.135
0.0140 -1.3842 0.0000 0.4119 0.135
0.0140 -1.2440 -0.1402 0.4117 0.163
0.0140 -1.3842 0.1402 0.4115 0.135
0.0140 -1.3842 0.0000 0.4113 0.134
0.0140 -1.2440 -0.1402 0.4111 0.162
0.0140 -1.2440 0.0000 0.4110 0.162
0.0140 -1.3842 0.1402 0.4108 0.134
0.0140 -1.3842 0.0000 0.4106 0.134
0.0140 -1.2440 -0.1402 0.4104 0.162
0.0140 -1.3842 0.1402 0.4102 0.133
0.0140 -1.3842 0.0000 0.4100 0.133
0.0140 -1.2440 -0.1402 0.4098 0.161
0.0140 -1.2440 0.0000 0.4097 0.161
0.0140 -1.3842 0.1402 0.4095 0.133
0.0140 -1.2440 -0.1402 0.4093 0.160
0.0140 -1.3842 0.1402 0.4091 0.132
0.0140 -1.2440 -0.1402 0.4089 0.160
0.0140 -1.3842 0.1402 0.4087 0.132
0.0140 -1.3842 0.0000 0.4085 0.132
0.0140 -1.2440 -0.1402 0.4084 0.160
0.0140 -1.2440 0.0000 0.4082 0.159
0.0140 -1.2440 0.0000 0.4080 0.159
0.0140 -1.5245 0.2805 0.4078 0.103

